ResourceID,brocade.id,card,order,Acquisition Note,Registration Number value,Location Number,Archive Note,adm.note,Warehouse Location (begin),Serial Number
28b0692d-496b-503e-a61b-b936655cf5dc,tg:lhpr:2921,Items,1,tr:lh:1202,20510/1,Planex GP / V 4835,,,,
28b0692d-496b-503e-a61b-b936655cf5dc,tg:lhpr:2921,Items,2,tr:lh:3026,60421/2,Planex GP / V 4835,,,,
28b0692d-496b-503e-a61b-b936655cf5dc,tg:lhpr:2921,Items,3,tr:lh:139964,,,isad:lh:144190,,,
8d2a6941-a82d-550b-8de7-933024a6d956,tg:lhpr:2521,Items,1,tr:lh:2212,43540/3,Planex GP / C 4856,,,,
8d2a6941-a82d-550b-8de7-933024a6d956,tg:lhpr:2521,Items,2,,75223/1,Planex GP / C 4856,,,,
7108dc2a-c2ce-54a7-9dfe-62eb50184757,tg:lhpr:2464,Items,1,tr:lh:1202,20504,"(2) planex GP / IX,3",,,,
7108dc2a-c2ce-54a7-9dfe-62eb50184757,tg:lhpr:2464,Items,2,tr:lh:2212,43536/5,(1)SC 53 A 1,,,,
ab25ed1c-ca5e-5e67-b5cd-b7d09d858440,tg:lhpr:2433,Items,1,,53693,"Planex GP / IX, 1",,(2) Prent is gedrukt op Japans papier.,,
ab25ed1c-ca5e-5e67-b5cd-b7d09d858440,tg:lhpr:2433,Items,2,,55950,"Planex GP / IX, 1",,(2) Prent is gedrukt op Japans papier.,,
08b675a7-f189-57a9-9ae7-e44fdc429f9b,tg:lhpr:1589,Items,1,tr:lh:1166,20233,"Planex GP / IX, 2",,Litho is gemaakt naar een tekening van Jef Lambeaux,,
08b675a7-f189-57a9-9ae7-e44fdc429f9b,tg:lhpr:1589,Items,2,,42467,"Planex GP / IX, 2",,Litho is gemaakt naar een tekening van Jef Lambeaux,,
08b675a7-f189-57a9-9ae7-e44fdc429f9b,tg:lhpr:1589,Items,3,,47442/221,"Planex GP / IX, 2",,Litho is gemaakt naar een tekening van Jef Lambeaux,,
575b6f57-e9a6-565f-95d2-dc91d2315303,tg:lhpr:2761,Items,1,,52944,"Planex GP / IX, 3",,,,
575b6f57-e9a6-565f-95d2-dc91d2315303,tg:lhpr:2761,Items,2,,215081,"Planex GP / IX, 3",,,,
575b6f57-e9a6-565f-95d2-dc91d2315303,tg:lhpr:2761,Items,3,,53576,"Planex GT / VI,5",,,,
86df218b-3efb-5217-89bf-57bc1b86a048,tg:lhpr:9300,Items,1,tr:lh:1173,20277,Planex GP / C 34,isad:lh:96267,(1) ets ; (2) mechanische reproductie,V2 E,
86df218b-3efb-5217-89bf-57bc1b86a048,tg:lhpr:9300,Items,2,,141988,Planex GP / C 34,,(1) ets ; (2) mechanische reproductie,,
86df218b-3efb-5217-89bf-57bc1b86a048,tg:lhpr:9300,Items,3,tr:lh:5009,99307/1,Planex GP / C 34,,Met blindstempel Stadsbibliotheek Antwerpen,,
86df218b-3efb-5217-89bf-57bc1b86a048,tg:lhpr:9300,Items,4,tr:lh:2212,43537/5,Planex GP / C 34,,"Grote reproductie 42 x 32 (64 x 49), met opschrift: 'herinnering aan mijn privaat-Conscience tentoonstelling in 't Syndikaat van 11 juli tot 4 augustus 1912. J. Baetes"""".",,
86df218b-3efb-5217-89bf-57bc1b86a048,tg:lhpr:9300,Items,5,tr:lh:323,6934,Planex GP / C 34,,Met opdracht aan Pol de Mont van Piet Verhaert,,
33c08e2f-6e85-5674-a301-0b182c989669,tg:lhpr:9642,Items,1,,64051,"Planex GP / IX, 2",,,,
33c08e2f-6e85-5674-a301-0b182c989669,tg:lhpr:9642,Items,2,tr:lh:1078,19346/1,"Planex GP / IX, 2",,,,
784a6994-54bc-584a-87d4-2cdea914c75b,tg:lhpr:2262,Items,1,tr:lh:2212,43548/4,"Planex GP / X, 2",,,,
784a6994-54bc-584a-87d4-2cdea914c75b,tg:lhpr:2262,Items,2,,87524/1,"Planex GP / X, 2",,,,
87f82c4e-1046-5c9d-9133-da4cf882b94f,tg:lhpr:3541,Items,1,,178866/3,EE 49 / I,,,,
87f82c4e-1046-5c9d-9133-da4cf882b94f,tg:lhpr:3541,Items,2,,178867,EE 49 / I,,,,
7b6020e0-ecc5-5198-858b-56b57128ddea,tg:lhpr:10296,Items,1,tr:lh:2432,47441/160,D 1175 / I (Doos 3),isad:lh:127006,,,
7b6020e0-ecc5-5198-858b-56b57128ddea,tg:lhpr:10296,Items,2,tr:lh:2432,47442/226,D 1175 / I (Doos 3),isad:lh:127006,,,
bcba5933-f293-571c-83b6-291b429a6229,tg:lhpr:8136,Items,1,,52609/1,Planex KP / BB 599,,,,
bcba5933-f293-571c-83b6-291b429a6229,tg:lhpr:8136,Items,2,,219723,Planex KP / BB 599,,,,
02c18db7-2c9c-5a65-9396-82d4bd76e8ff,tg:lhpr:2184,Items,1,,40302,Planex KP / S 535,,,,
02c18db7-2c9c-5a65-9396-82d4bd76e8ff,tg:lhpr:2184,Items,2,tr:lh:2599,52229,Planex KP / S 535,isad:lh:96336,,,
77130146-fd38-5f78-b70c-c9097630c6fa,tg:lhpr:2741,Items,1,tr:lh:1202,20511/1,Planex GP / P 346,,(3)De houtsnede: twee exemplaren met hetzelfde inschrijvingsnummer.,,
77130146-fd38-5f78-b70c-c9097630c6fa,tg:lhpr:2741,Items,2,tr:lh:1279,21871,Planex GP / P 346,,(3)De houtsnede: twee exemplaren met hetzelfde inschrijvingsnummer.,,
77130146-fd38-5f78-b70c-c9097630c6fa,tg:lhpr:2741,Items,3,,50338/1-2,Planex GP / P 346,,(3)De houtsnede: twee exemplaren met hetzelfde inschrijvingsnummer.,,
77130146-fd38-5f78-b70c-c9097630c6fa,tg:lhpr:2741,Items,4,,54787,Planex GP / P 346,,(3)De houtsnede: twee exemplaren met hetzelfde inschrijvingsnummer.,,
77130146-fd38-5f78-b70c-c9097630c6fa,tg:lhpr:2741,Items,5,tr:lh:7684,200123,SC 06 E 2,isad:lh:96485,Nr. 200123 originele houten lijst. Afdruk zonder handtekening,,
0b47a514-ae89-5881-a647-a2bff1209e0b,tg:lhpr:3279,Items,1,,107845,C 3843 / I,isad:lh:96333,,,
0b47a514-ae89-5881-a647-a2bff1209e0b,tg:lhpr:3279,Items,2,tr:lh:6749,167286/1,C 3843 / I,isad:lh:96333,,,
3563281f-1a79-55e2-81b8-50b8d9371d13,tg:lhpr:4292,Items,1,,36408/4,R 1627 / I,isad:lh:96535,"**Publicatie** Roelants, Maurice - Ramah [ill.], _De jazz-speler: kleine roman met één personage en zeven instrumenten zijnde een volledige slagwerk batterij_. Brussel: A.A.M. Stols, 1928, 64 p. T.o. p. 35. Proefdruk, deel van de suite bij één van de 6 of 35 genummerde exemplaren op Hollands papier.",,
3563281f-1a79-55e2-81b8-50b8d9371d13,tg:lhpr:4292,Items,2,tr:lh:4053,77778/4,R 1627 / I,isad:lh:96535,"**Publikatie:** Roelants, Maurice - Ramah [ill.], _De jazz-speler: kleine
roman met één personage en zeven instrumenten zijnde een volledige slagwerk
batterij_. Brussel: A.A.M. Stols, 1928, 64 p. T.o. p. 35.

Proefdruk, deel van de suite bij één van de 6 of 35 genummerde exemplaren op
Hollands papier.",,
42055d32-7ecb-5acc-a823-84bdbfca04d8,tg:lhpr:1585,Items,1,tr:lh:1202,20519,Planex KP / B 745,isad:lh:96287,"1) Bijvoegsel van ONS LEVEN, nr. 7; 1925",,
42055d32-7ecb-5acc-a823-84bdbfca04d8,tg:lhpr:1585,Items,2,tr:lh:5764,118528,Planex KP / B 745,isad:lh:96287,"1) Bijvoegsel van ONS LEVEN, nr. 7; 1925",,
679cda99-6c1b-5e7e-b34b-12458a4dd429,tg:lhpr:5694,Items,1,tr:lh:1624,29317,M 546 / I (Doos II),isad:lh:96254,"**Publicatie** _De Ploeg_. 3de jaargang, nr. 8, 24-02-1921, p. 1.",,
679cda99-6c1b-5e7e-b34b-12458a4dd429,tg:lhpr:5694,Items,2,,141132,M 546 / I (Doos II),,,,
9a47eea4-d105-5255-a7f8-09e0c9e45808,tg:lhpr:2805,Items,1,,104553,"Planex GP / X, 1",,,,
9a47eea4-d105-5255-a7f8-09e0c9e45808,tg:lhpr:2805,Items,2,tr:lh:5492,121339,"Planex GP / X, 1",,,,
80811a36-b06b-58bc-9bc2-b0c081b95b7f,tg:lhpr:2296,Items,1,,27381/820,Planex KP / M 5165,,(1) 27381/820 : (r.b.)_Veiling Apers 26.6.17_,,
80811a36-b06b-58bc-9bc2-b0c081b95b7f,tg:lhpr:2296,Items,2,tr:lh:6960,173822,Planex KP / M 5165,,(1) 27381/820 : (r.b.)_Veiling Apers 26.6.17_,,
363ff04d-797c-523d-8370-04ba3e08d460,tg:lhpr:2828,Items,1,,35094,"Planex GP / X, 2",,,,
363ff04d-797c-523d-8370-04ba3e08d460,tg:lhpr:2828,Items,2,,43292/3,"Planex GP / X, 2",,,,
bb5cfb9b-d309-53ca-991a-1f6e23a558fe,tg:lhpr:2982,Items,1,tr:lh:1078,19347,"Planex GP / X, 4",isad:lh:96457,,,
bb5cfb9b-d309-53ca-991a-1f6e23a558fe,tg:lhpr:2982,Items,2,tr:lh:1078,19358,V 724 / I Planex GP,,,,
a98b9ea3-f562-527d-9a19-13adaf60b1b8,tg:lhpr:4293,Items,1,,36408/1,R 1627 / I,isad:lh:96535,"**Publicatie** Roelants, Maurice - Ramah [ill.], _De jazz-speler: kleine roman met één personage en zeven instrumenten zijnde een volledige slagwerk batterij_. Brussel: A.A.M. Stols, 1928, 64 p. T.o. p. 53 en op de omslag. Proefdruk, deel van de suite bij één van de 6 of 35 genummerde exemplaren op Hollands papier.",,
a98b9ea3-f562-527d-9a19-13adaf60b1b8,tg:lhpr:4293,Items,2,tr:lh:4053,77778/1,R 1627 / I,isad:lh:96535,"**Publikatie:** Roelants, Maurice - Ramah [ill.], _De jazz-speler: kleine
roman met één personage en zeven instrumenten zijnde een volledige slagwerk
batterij_. Brussel: A.A.M. Stols, 1928, 64 p. T.o. p. 53 en op de omslag.

Proefdruk, deel van de suite bij één van de 6 of 35 genummerde exemplaren op
Hollands papier.",,
aea75451-56ff-528a-b29b-45241e69ebdd,tg:lhpr:3782,Items,1,tr:lh:6603,163471,(2)SC Planex GT - H 5049/I,isad:lh:96499,"(2) is gedrukt op Japans papier

Afmetingen: 20,7 x 21,5 met rand: 45,5 x 30,4",,
aea75451-56ff-528a-b29b-45241e69ebdd,tg:lhpr:3782,Items,2,,177440,H 5049 / I,,"(2) is gedrukt op Japans papier

Afmetingen: 20,7 x 21,5 met rand: 45,5 x 30,4",,
80de0d1e-0cda-5ffa-9964-ba4096a01468,tg:lhpr:3281,Items,1,,39529,C 3843 / I,,Vier exemplaren,,
80de0d1e-0cda-5ffa-9964-ba4096a01468,tg:lhpr:3281,Items,2,,43787/13,C 3843 / I,,Vier exemplaren,,
80de0d1e-0cda-5ffa-9964-ba4096a01468,tg:lhpr:3281,Items,3,,69430,C 3843 / I,,Vier exemplaren,,
80de0d1e-0cda-5ffa-9964-ba4096a01468,tg:lhpr:3281,Items,4,tr:lh:6749,167286/4,C 3843 / I,isad:lh:96333,Vier exemplaren,,
65a0cb33-cebc-549c-a007-70faa6553b0d,tg:lhpr:2490,Items,1,tr:lh:1194,20474,Planex GP / B 435,,,,
65a0cb33-cebc-549c-a007-70faa6553b0d,tg:lhpr:2490,Items,2,tr:lh:1762,32894,Planex GP / B 435,,,,
65a0cb33-cebc-549c-a007-70faa6553b0d,tg:lhpr:2490,Items,3,tr:lh:2434,47929/4,Planex GP / B 435,isad:lh:96414,,,
4644c385-d623-54be-8447-4fd11e5c1335,tg:lhpr:4401,Items,1,tr:lh:4674,89056/19 b,S 932 / I (Doos 1),isad:lh:96489,"Lode Raskin, _Henri van Straten 1892-1944. Oeuvrecatalogus_, Pandora, 2002, p.
159",,
4644c385-d623-54be-8447-4fd11e5c1335,tg:lhpr:4401,Items,2,tr:lh:5514,108577,S 932 / I (Doos 1),isad:lh:96252,"Lode Raskin, _Henri van Straten 1892-1944. Oeuvrecatalogus_, Pandora, 2002, p.
159",,
4e2dcc9d-8d1b-5eae-8a27-d227f1cd18eb,tg:lhpr:2756,Items,1,tr:lh:1020,20368,"Planex GP / X, 1",,,,
4e2dcc9d-8d1b-5eae-8a27-d227f1cd18eb,tg:lhpr:2756,Items,2,tr:lh:2212,43545/2,"Planex GP / X, 1",,,,
4e2dcc9d-8d1b-5eae-8a27-d227f1cd18eb,tg:lhpr:2756,Items,3,,54783,"Planex GP / X, 1",,,,
1187a265-8a8c-5566-b13c-dd45755f42e2,tg:lhpr:10297,Items,1,tr:lh:2432,47442/238,D 1175 / I (Doos 3),isad:lh:127006,nr 2/50,,
1187a265-8a8c-5566-b13c-dd45755f42e2,tg:lhpr:10297,Items,2,tr:lh:2432,47442/227,D 1175 / I (Doos 3),isad:lh:127006,Ongenummerde print.,,
1187a265-8a8c-5566-b13c-dd45755f42e2,tg:lhpr:10297,Items,3,tr:lh:2432,47442/79,D 1175 / I (Doos 3),isad:lh:127006,Lichtjes afwijkende proefdruk,,
1187a265-8a8c-5566-b13c-dd45755f42e2,tg:lhpr:10297,Items,4,tr:lh:2432,47442/200,D 1175 / I (Doos 3),isad:lh:127006,,,
1187a265-8a8c-5566-b13c-dd45755f42e2,tg:lhpr:10297,Items,5,tr:lh:2432,47442/239-236-237-234-235-232-233-230-231-228-229,D 1175 / I (Doos 3),isad:lh:127006,"nog 12 exemplaren: nrs 18, 37, 39, 40, 43, 44, 45, 46, 47, 48, 49, 50 / 50",,
333d4b43-0a41-5b5c-9079-05a0f1b1d71f,tg:lhpr:4456,Items,1,tr:lh:82,1241,S 932 / I (Doos 1),isad:lh:96557,"Lode Raskin, _Henri van Straten 1892-1944. Oeuvrecatalogus_, Pandora, 2002,
p.187",,
333d4b43-0a41-5b5c-9079-05a0f1b1d71f,tg:lhpr:4456,Items,2,tr:lh:7634,212824/a,S 932 / I (Doos 1),,"Lode Raskin, _Henri van Straten 1892-1944. Oeuvrecatalogus_, Pandora, 2002,
p.187",,
422cbda1-5180-5412-9fe9-1c33714809fd,tg:lhpr:2776,Items,1,tr:lh:73,1201,"Planex GP / X, 1",,,,
422cbda1-5180-5412-9fe9-1c33714809fd,tg:lhpr:2776,Items,2,tr:lh:492,9678,"Planex GP / X, 1",,,,
47205cb0-793f-583c-a9d9-a60f9b2a0e0a,tg:lhpr:2326,Items,1,tr:lh:1475,26865,Planex KP / M 762,isad:lh:96274,"(5) _Aan Edward Keurvels, van harten / Pol de Mont_;(6) _aan den Heer Max
Rooses / aug: 1904 / Ph.Zilcken_",,
47205cb0-793f-583c-a9d9-a60f9b2a0e0a,tg:lhpr:2326,Items,2,tr:lh:2007,37304/25,Planex KP / M 762,isad:lh:96261,"(5) _Aan Edward Keurvels, van harten / Pol de Mont_;(6) _aan den Heer Max
Rooses / aug: 1904 / Ph.Zilcken_",,
47205cb0-793f-583c-a9d9-a60f9b2a0e0a,tg:lhpr:2326,Items,3,tr:lh:3021,61120/3,Planex KP / M 762,isad:lh:96365,"(5) _Aan Edward Keurvels, van harten / Pol de Mont_;(6) _aan den Heer Max
Rooses / aug: 1904 / Ph.Zilcken_",,
47205cb0-793f-583c-a9d9-a60f9b2a0e0a,tg:lhpr:2326,Items,4,tr:lh:4761,100608,Planex KP / M 762,,"(5) _Aan Edward Keurvels, van harten / Pol de Mont_;(6) _aan den Heer Max
Rooses / aug: 1904 / Ph.Zilcken_",,
47205cb0-793f-583c-a9d9-a60f9b2a0e0a,tg:lhpr:2326,Items,5,tr:lh:5683,114961,Planex KP / M 762,isad:lh:96256,"(5) _Aan Edward Keurvels, van harten / Pol de Mont_;(6) _aan den Heer Max
Rooses / aug: 1904 / Ph.Zilcken_",,
47205cb0-793f-583c-a9d9-a60f9b2a0e0a,tg:lhpr:2326,Items,6,tr:lh:7805,201870,Planex KP / M 762,,"(5) _Aan Edward Keurvels, van harten / Pol de Mont_;(6) _aan den Heer Max
Rooses / aug: 1904 / Ph.Zilcken_",,
47205cb0-793f-583c-a9d9-a60f9b2a0e0a,tg:lhpr:2326,Items,7,tr:lh:7885,234126,Planex KP / M 762,isad:lh:96367,"(5) _Aan Edward Keurvels, van harten / Pol de Mont_;(6) _aan den Heer Max
Rooses / aug: 1904 / Ph.Zilcken_",,
47205cb0-793f-583c-a9d9-a60f9b2a0e0a,tg:lhpr:2326,Items,8,tr:lh:4025,76863,,,,,
ea411509-ffb6-5ad6-bff0-0f500c46ee7a,tg:lhpr:2598,Items,1,tr:lh:3269,66291/73,"Planex GP / IX, 5",isad:lh:96365,,,
ea411509-ffb6-5ad6-bff0-0f500c46ee7a,tg:lhpr:2598,Items,2,tr:lh:5551,115520,"Planex GP / IX, 5",,,,
ea411509-ffb6-5ad6-bff0-0f500c46ee7a,tg:lhpr:2598,Items,3,,141131,"Planex GP / IX, 5",,,,
d60767d0-2150-5881-9607-65e0a1f276af,tg:lhpr:2465,Items,1,tr:lh:1762,32895,Planex GP / V 982,,,,
d60767d0-2150-5881-9607-65e0a1f276af,tg:lhpr:2465,Items,2,tr:lh:2212,43535/2,Planex GP / V 982,,,,
ac0d5c5f-869a-5599-b360-73ad50a47770,tg:lhpr:1463,Items,1,tr:lh:3839,74173,Planex KP / B 365,,,,
ac0d5c5f-869a-5599-b360-73ad50a47770,tg:lhpr:1463,Items,2,tr:lh:6356,146174,Planex KP / B 365,isad:lh:96263,,,
88939f99-bfcc-5809-ae4c-abe8f1583128,tg:lhpr:3286,Items,1,tr:lh:5406,105989/12,C 3843 / I,isad:lh:96371,Herkomst van 147910/3: Stads Bibliotheek,,
88939f99-bfcc-5809-ae4c-abe8f1583128,tg:lhpr:3286,Items,2,tr:lh:6278,147910/3,C 3843 / I,isad:lh:96476,Herkomst van 147910/3: Stads Bibliotheek,,
0a3899d6-b254-55d3-9a21-fff1cda9f62e,tg:lhpr:3013,Items,1,tr:lh:2021,37758/3,"Planex GP / X, 4 (V 2509)",,,,
0a3899d6-b254-55d3-9a21-fff1cda9f62e,tg:lhpr:3013,Items,2,,220281,"Planex GP / X, 4 (V 2509)",,,,
00006491-420c-5c5a-a4d4-111d45e2b856,tg:lhpr:4294,Items,1,,36408/3,R 1627 / I,isad:lh:96535,"**Publicatie** Roelants, Maurice - Ramah [ill.], _De jazz-speler: kleine roman met één personage en zeven instrumenten zijnde een volledige slagwerk batterij_. Brussel: A.A.M. Stols, 1928, 64 p. T.o. p. 39. Proefdruk, deel van de suite bij één van de 6 of 35 genummerde exemplaren op Hollands papier.",,
00006491-420c-5c5a-a4d4-111d45e2b856,tg:lhpr:4294,Items,2,tr:lh:4053,77778/3,R 1627 / I,isad:lh:96535,"**Publikatie:** Roelants, Maurice - Ramah [ill.], _De jazz-speler: kleine
roman met één personage en zeven instrumenten zijnde een volledige slagwerk
batterij_. Brussel: A.A.M. Stols, 1928, 64 p. T.o. p. 39.

Proefdruk, deel van de suite bij één van de 6 of 35 genummerde exemplaren op
Hollands papier.",,
5571df21-6d13-5343-aaa8-5075518bdfd4,tg:lhpr:2157,Items,1,,104683/2,Planex GP / H 541,,,,
5571df21-6d13-5343-aaa8-5075518bdfd4,tg:lhpr:2157,Items,2,tr:lh:6372,148889,Planex GP / H 541,isad:lh:96333,,,
6f81db94-3291-5cd4-a7d0-e78802136a70,tg:lhpr:2229,Items,1,,27381/264,Planex KP / S 725,,Prent gemaakt door Pierre Jean Baptiste van Reeth.,,
6f81db94-3291-5cd4-a7d0-e78802136a70,tg:lhpr:2229,Items,2,tr:lh:1647,29574,Planex KP / S 725,,Prent gemaakt door Pierre Jean Baptiste van Reeth.,,
6f81db94-3291-5cd4-a7d0-e78802136a70,tg:lhpr:2229,Items,3,tr:lh:5492,122162,Planex KP / S 725,,Prent gemaakt door Pierre Jean Baptiste van Reeth.,,
6f81db94-3291-5cd4-a7d0-e78802136a70,tg:lhpr:2229,Items,4,tr:lh:6960,174033,Planex KP / S 725,,Prent gemaakt door Pierre Jean Baptiste van Reeth.,,
66f1c1ac-e33c-5be2-9c7a-a6c989613172,tg:lhpr:9259,Items,1,tr:lh:891,16184/3,Planex GP / J 1378,isad:lh:96673,De spotprent is de titelpagina van het maandblad L' Estrille (nr 4 van het jaar 1868).,,
66f1c1ac-e33c-5be2-9c7a-a6c989613172,tg:lhpr:9259,Items,2,,146115/4,Planex GP / J 1378,isad:lh:96673,"De spotprent is de titelpagina van het maandblad L' Estrille (nr 4 van het jaar 1868).  
In bezit van het AMVC-Letterenhuis vanaf 29/01/1987. Uit het archief
van het ANZ.",,
63816cdc-a17f-5455-ad12-d21efa05a238,tg:lhpr:2566,Items,1,tr:lh:640,12633,"Planex GP / IX, 4",isad:lh:96427,,,
63816cdc-a17f-5455-ad12-d21efa05a238,tg:lhpr:2566,Items,2,,39114,"Planex GP / IX, 4",,,,
19dcbb46-1c95-51c4-91e3-66e05da2f609,tg:lhpr:2423,Items,1,tr:lh:4763,92919,"Planex GP / IX, 1",,,,
19dcbb46-1c95-51c4-91e3-66e05da2f609,tg:lhpr:2423,Items,2,tr:lh:5300,104383,"Planex GP / IX, 1",isad:lh:96396,,,
4f1d26ec-9c18-5810-a610-6a95a188b204,tg:lhpr:3320,Items,1,tr:lh:2114,40147/6,C 3843 / I,isad:lh:96477,,,
4f1d26ec-9c18-5810-a610-6a95a188b204,tg:lhpr:3320,Items,2,,43787/37,C 3843 / I,isad:lh:96477,,,
b2e38592-bd38-595b-b5c3-d7b48ba6fa52,tg:lhpr:6964,Items,1,tr:lh:30823,197294,Planex GT / H 3735,isad:lh:100747,"Kopie door Karel Rosseeuw naar een kleine foto van éen van de vijf etsen van
Raymond de la Haye voor het album _Rond de kerk_. De originelen werden
vernietigd door brand.

Collectie AMVC: de vijf staten (nrs. 197295/1-5) en de etsplaat (nr. 197294)
van deze prent.",,
b2e38592-bd38-595b-b5c3-d7b48ba6fa52,tg:lhpr:6964,Items,2,tr:lh:30823,197295/1-5,Planex GT / H 3735,,"Kopie door Karel Rosseeuw naar een kleine foto van éen van de vijf etsen van
Raymond de la Haye voor het album _Rond de kerk_. De originelen werden
vernietigd door brand.

Collectie AMVC: de vijf staten (nrs. 197295/1-5) en de etsplaat (nr. 197294)
van deze prent.",,
fb4c969a-1140-5d82-8950-a188d26b2201,tg:lhpr:2858,Items,1,tr:lh:1202,20513/3,"Planex GT / X, 2 (S 725)",,(3) vermelding 4/50 (drukexempl.),,
fb4c969a-1140-5d82-8950-a188d26b2201,tg:lhpr:2858,Items,2,,53930,"Planex GT / X, 2 (S 725)",,(3) vermelding 4/50 (drukexempl.),,
fb4c969a-1140-5d82-8950-a188d26b2201,tg:lhpr:2858,Items,3,,101941,"Planex GT / X, 2 (S 725)",,(3) vermelding 4/50 (drukexempl.),,
fb4c969a-1140-5d82-8950-a188d26b2201,tg:lhpr:2858,Items,4,tr:lh:6025,140250,"Planex GT / X, 2 (S 725)",,(3) vermelding 4/50 (drukexempl.),,
fb4c969a-1140-5d82-8950-a188d26b2201,tg:lhpr:2858,Items,5,,220274,"Planex GT / X, 2 (S 725)",,(3) vermelding 4/50 (drukexempl.),,
18ef81f5-706b-5b33-ab33-5308810795c4,tg:lhpr:2049,Items,1,,59695,Planex KP / G 3947,,,,
18ef81f5-706b-5b33-ab33-5308810795c4,tg:lhpr:2049,Items,2,,105763,Planex KP / G 3947,,,,
25e1c049-3a5f-5a00-98d2-941021ebb951,tg:lhpr:6909,Items,1,tr:lh:429,8642,SC 12 A 2,isad:lh:96628,"**Publicatie** Willekens, Emiel, _Hendrik Conscience en zijn tijd_. Antwerpen: Stichting Mercator-Plantijn, 1983, 246 pp., nr. 415. Voor een beschrijving van de viering, zie p.187.",,
25e1c049-3a5f-5a00-98d2-941021ebb951,tg:lhpr:6909,Items,2,,216199,SC 12 A 2,,"**Publicatie:** Willekens, Emiel, _Hendrik Conscience en zijn tijd_.
Antwerpen: Stichting Mercator-Plantijn, 1983, 246 pp., nr. 415. Voor een
beschrijving van de viering, zie p.187.",,
c061f767-2dd5-5428-ad34-e1dd639160a4,tg:lhpr:2434,Items,1,tr:lh:1202,20502,"Planex GP/ X, 4",,,,
c061f767-2dd5-5428-ad34-e1dd639160a4,tg:lhpr:2434,Items,2,,80576,"Planex GP/ X, 4",,,,
58644418-bc9f-5e31-bbb3-1e029dc86730,tg:lhpr:10771,Items,1,,720376/1,"Planex GT / VI,5",,,,
58644418-bc9f-5e31-bbb3-1e029dc86730,tg:lhpr:10771,Items,2,,720376/2,"Planex GT / VI,5",,,,
58644418-bc9f-5e31-bbb3-1e029dc86730,tg:lhpr:10771,Items,3,,720376/3,"Planex GT / VI,5",,,,
58644418-bc9f-5e31-bbb3-1e029dc86730,tg:lhpr:10771,Items,4,,720376/4,"Planex GT / VI,5",,,,
4fb5affc-6d1b-5915-b00d-c8348119a89a,tg:lhpr:10272,Items,1,tr:lh:2432,47442/179,D 1175 / I (Doos 3),isad:lh:127006,,,
4fb5affc-6d1b-5915-b00d-c8348119a89a,tg:lhpr:10272,Items,2,,47442/189,D 1175 / I (Doos 3),isad:lh:127006,Proefdruk op stuk affiche,,
09e21c08-3d78-597d-ba2b-fc7f13c19a7a,tg:lhpr:2906,Items,1,,14606,"Planex GP / X, 4",,,,
09e21c08-3d78-597d-ba2b-fc7f13c19a7a,tg:lhpr:2906,Items,2,,87588,"Planex GP / X, 4",,,,
09e21c08-3d78-597d-ba2b-fc7f13c19a7a,tg:lhpr:2906,Items,3,,87891,"Planex GP / X, 4",,,,
e816061e-7266-5949-896f-fcabe6d893c7,tg:lhpr:2052,Items,1,tr:lh:343,7131,"Planex GP / IX, 5",,,,
e816061e-7266-5949-896f-fcabe6d893c7,tg:lhpr:2052,Items,2,tr:lh:311,8478,"Planex GP / IX, 5",,,,
e816061e-7266-5949-896f-fcabe6d893c7,tg:lhpr:2052,Items,3,tr:lh:1198,20488,"Planex GP / IX, 5",isad:lh:96323,,,
e816061e-7266-5949-896f-fcabe6d893c7,tg:lhpr:2052,Items,4,tr:lh:6415,153168,"Planex GP / IX, 5",isad:lh:96324,,,
6c4dcece-06fe-579e-924d-c4d439ae60b8,tg:lhpr:4190,Items,1,tr:lh:4600,88101/1,H 5252 / I,isad:lh:96252,,,
6c4dcece-06fe-579e-924d-c4d439ae60b8,tg:lhpr:4190,Items,2,tr:lh:5514,108574,H 5252 / I,isad:lh:96252,,,
6c4dcece-06fe-579e-924d-c4d439ae60b8,tg:lhpr:4190,Items,3,,119878/1,H 5252 / I,,,,
c7c82dfb-8b97-5328-941a-231a8acf9a64,tg:lhpr:4344,Items,1,tr:lh:2213,43155/8,S 932 / I (Doos 1),isad:lh:96252,"Lode Raskin, _Henri van Straten 1892-1944. Oeuvrecatalogus_, Pandora, 2002, p.
160

Gepubliceerd door uUitgeverij De Sikkel, Antwerpen - C. A. Mees, Santpoort,
1922",,
c7c82dfb-8b97-5328-941a-231a8acf9a64,tg:lhpr:4344,Items,2,tr:lh:5514,108576/1a,S 932 / I (Doos 1),isad:lh:96252,"Lode Raskin, _Henri van Straten 1892-1944. Oeuvrecatalogus_, Pandora, 2002, p.
160

Gepubliceerd door uUitgeverij De Sikkel, Antwerpen - C. A. Mees, Santpoort,
1922",,
c7c82dfb-8b97-5328-941a-231a8acf9a64,tg:lhpr:4344,Items,3,tr:lh:7634,212828/1,S 932 / I (Doos 1),isad:lh:96252,"Lode Raskin, _Henri van Straten 1892-1944. Oeuvrecatalogus_, Pandora, 2002, p.
160

Gepubliceerd door uUitgeverij De Sikkel, Antwerpen - C. A. Mees, Santpoort,
1922",,
7e2fad21-78ef-588f-a055-f47542a37e3f,tg:lhpr:3481,Items,1,tr:lh:4674,89056/25,S 932 / I,isad:lh:96489,"Gepubliceerd in _Lijmen gevolgd door het Been_, Manteau, 1943, p. 207

Ook in het bezit van het Letterenhuis: een mechanische afdruk (repro) van deze
prent die behoort tot een reeks van 13 repro's (inv. nr: 220490/2-14,
plaatsing: S 932/I (KT) doos) aan ons geschonken door Atelier De Ganzen weide,
Uithoorn. Naar aanleiding van een heruitgave van Lijmen/ Het been 2007. (boek
is ook in ons bezit).",,
7e2fad21-78ef-588f-a055-f47542a37e3f,tg:lhpr:3481,Items,2,,220490/2-14,S 932 / I,,"Gepubliceerd in _Lijmen gevolgd door het Been_, Manteau, 1943, p. 207

Ook in het bezit van het Letterenhuis: een mechanische afdruk (repro) van deze
prent die behoort tot een reeks van 13 repro's (inv. nr: 220490/2-14,
plaatsing: S 932/I (KT) doos) aan ons geschonken door Atelier De Ganzen weide,
Uithoorn. Naar aanleiding van een heruitgave van Lijmen/ Het been 2007. (boek
is ook in ons bezit).",,
07bf6600-1501-5756-a71f-2a8df3eada7a,tg:lhpr:9126,Items,1,,220657,A 2313 / I,,221152: Premieprent voor 2010 van Kunstkring Jacques Gorus.,,
07bf6600-1501-5756-a71f-2a8df3eada7a,tg:lhpr:9126,Items,2,,221152,A 2313 / I,,221152: Premieprent voor 2010 van Kunstkring Jacques Gorus.,,
2fc5b956-4f27-5a59-bfeb-b70774ec9d67,tg:lhpr:1351,Items,1,,198985,Planex GP / B 435,isad:lh:96256,"De randen van het papier zijn gerafeld en hebben nagelgaten (oorspronkelijk was het genageld aan de kader).
Maar de afbeelding op zich is eigenlijk in uitstekende staat.
18/06/2003.",,
2fc5b956-4f27-5a59-bfeb-b70774ec9d67,tg:lhpr:1351,Items,2,tr:lh:1978,36522,Planex GP / B 435,,"Met opdracht aan Alfons Mertens en Emma Loose, 10.10.1896",,
2fc5b956-4f27-5a59-bfeb-b70774ec9d67,tg:lhpr:1351,Items,3,tr:lh:4765,92933,Planex GP / B 435,,Moeilijk geschreven opdracht: 'Met beste herinneringen aan mijn gewezen leraar Jan de Keuster',,
f625fed7-4d78-5663-9971-367d3bf0db76,tg:lhpr:11245,Items,1,tr:lh:3026,60419/2,,,,V1 B 76 A3,ICO-GF-004
f625fed7-4d78-5663-9971-367d3bf0db76,tg:lhpr:11245,Items,2,,25609,,,,V1 B 76 A3,ICO-GF-004
f625fed7-4d78-5663-9971-367d3bf0db76,tg:lhpr:11245,Items,3,tr:lh:3026,60419/4,,,,V1 B 76 A3,ICO-GF-004
e5fcb763-2812-5bfd-bec0-ccb996467db6,tg:lhpr:2496,Items,1,tr:lh:294,7026,"Planex GP / IX, 3",,,,
e5fcb763-2812-5bfd-bec0-ccb996467db6,tg:lhpr:2496,Items,2,tr:lh:2465,47835,"Planex GP / IX, 3",,,,
e5fcb763-2812-5bfd-bec0-ccb996467db6,tg:lhpr:2496,Items,3,,164267,"Planex GP / IX, 3",,,,
7f494ab7-62e9-523e-953b-7674b0fd731c,tg:lhpr:2880,Items,1,tr:lh:4772,93944,"Planex GP / X, 3",isad:lh:96451,,,
7f494ab7-62e9-523e-953b-7674b0fd731c,tg:lhpr:2880,Items,2,tr:lh:5427,106450,"Planex GP / X, 3",isad:lh:96455,,,
285864bb-c687-5dd8-933a-f468a617e6eb,tg:lhpr:2479,Items,1,,64051,"Planex GP / IX, 2",,(1)Enkel deze prent vermeldt de naam van de artiest.,,
285864bb-c687-5dd8-933a-f468a617e6eb,tg:lhpr:2479,Items,2,,141986,"Planex GP / IX, 2",,(1)Enkel deze prent vermeldt de naam van de artiest.,,
60d901ba-2aa9-58f1-a234-92985d644d59,tg:lhpr:4145,Items,1,tr:lh:5371,105492,O 345 / I,isad:lh:96526,,,
60d901ba-2aa9-58f1-a234-92985d644d59,tg:lhpr:4145,Items,2,tr:lh:5841,122661/1-4,O 345 / I,isad:lh:96528,,,
6eeae589-5813-5e5c-b330-e8b1b2f1a409,tg:lhpr:9262,Items,1,tr:lh:891,16184/2,Planex GP / P 954,isad:lh:96673,De spotprent is de titelpagina van het maandblad L' Estrille (nr 8 van het jaar 1868).,,
6eeae589-5813-5e5c-b330-e8b1b2f1a409,tg:lhpr:9262,Items,2,,146115/5,Planex GP / P 954,isad:lh:96673,"De spotprent is de titelpagina van het maandblad L' Estrille (nr 8 van het jaar 1868).  
In bezit van het AMVC-Letterenhuis vanaf 29/01/1987. Uit het archief
van het ANZ.",,
e73e1c5a-3920-5861-b62e-4c40247c4f71,tg:lhpr:6803,Items,1,tr:lh:604,11656/B,Planex GT 353,,"**Publikatie:** Immerseel, van, Frans, _Vlaamse Koppen 1° reeks. Linos door
Frans van Immerseel_. S.l.: Joe English Gilde, 1930 (2de uitgave).",,
e73e1c5a-3920-5861-b62e-4c40247c4f71,tg:lhpr:6803,Items,2,tr:lh:692,14401/B,Planex GT 353,,"**Publikatie:** Immerseel, van, Frans, _Vlaamse Koppen 1° reeks. Linos door
Frans van Immerseel_. S.l.: Joe English Gilde, 1930 (2de uitgave).",,
e73e1c5a-3920-5861-b62e-4c40247c4f71,tg:lhpr:6803,Items,3,,86995/B,Planex GT 353,,"**Publikatie:** Immerseel, van, Frans, _Vlaamse Koppen 1° reeks. Linos door
Frans van Immerseel_. S.l.: Joe English Gilde, 1930 (2de uitgave).",,
7233d6ca-b8f4-5e12-b054-f037865372f5,tg:lhpr:9133,Items,1,tr:lh:891,16184/1,Planex GP / P 954,isad:lh:96673,,,
7233d6ca-b8f4-5e12-b054-f037865372f5,tg:lhpr:9133,Items,2,,146115/6,Planex GP / P 954,isad:lh:96673,"In bezit van het AMVC-Letterenhuis vanaf 29/01/1987. Uit het archief
van het ANZ.",,
8218098a-5665-598e-b6f4-c0eca798e9eb,tg:lhpr:1554,Items,1,tr:lh:604,11656/D,I 353/I Planex GT,,"**Publikatie:** Immerseel, van, Frans, _Vlaamse Koppen 1° reeks. Linos door
Frans van Immerseel_. S.l.: Joe English Gilde, 1930 (2de uitgave).",V1 B,
8218098a-5665-598e-b6f4-c0eca798e9eb,tg:lhpr:1554,Items,2,tr:lh:692,14401/D,I 353/I Planex GT,,"**Publikatie:** Immerseel, van, Frans, _Vlaamse Koppen 1° reeks. Linos door
Frans van Immerseel_. S.l.: Joe English Gilde, 1930 (2de uitgave).",V1 B,
8218098a-5665-598e-b6f4-c0eca798e9eb,tg:lhpr:1554,Items,3,,86995/D,I 353/I Planex GT,,"**Publikatie:** Immerseel, van, Frans, _Vlaamse Koppen 1° reeks. Linos door
Frans van Immerseel_. S.l.: Joe English Gilde, 1930 (2de uitgave).",V1 B,
8218098a-5665-598e-b6f4-c0eca798e9eb,tg:lhpr:1554,Items,4,tr:lh:139964,,,isad:lh:144190,"rechtsonder in potlood gesigneerd """"F Van Immerseel",,S 935 / 471
fa0fa8c7-d68f-5825-b3a6-923dffead566,tg:lhpr:2102,Items,1,tr:lh:1492,27253,SC 46 C 2,,,,
fa0fa8c7-d68f-5825-b3a6-923dffead566,tg:lhpr:2102,Items,2,tr:lh:2212,43539/5,SC 46 C 2,,,,
fa0fa8c7-d68f-5825-b3a6-923dffead566,tg:lhpr:2102,Items,3,tr:lh:2637,51975,"Planex GT / VI,5",,,,
ad646b6b-b0b1-5348-9ccd-8071adc54b13,tg:lhpr:2417,Items,1,tr:lh:1438,24990/2,"Planex GP / IX, 1",,,,
ad646b6b-b0b1-5348-9ccd-8071adc54b13,tg:lhpr:2417,Items,2,tr:lh:2413,47321/1,"Planex GP / IX, 1",isad:lh:96352,,,
ad646b6b-b0b1-5348-9ccd-8071adc54b13,tg:lhpr:2417,Items,3,tr:lh:2974,59944/1,"Planex GP / IX, 1",isad:lh:96391,,,
ad646b6b-b0b1-5348-9ccd-8071adc54b13,tg:lhpr:2417,Items,4,,108284,"Planex GP / IX, 1",,,,
ad646b6b-b0b1-5348-9ccd-8071adc54b13,tg:lhpr:2417,Items,5,tr:lh:5723,115962/1,"Planex GP / IX, 1",isad:lh:96392,,,
ad646b6b-b0b1-5348-9ccd-8071adc54b13,tg:lhpr:2417,Items,6,,163623,"Planex GP / IX, 1",,,,
06a92f6b-70ae-5009-bc99-a8002bb92aed,tg:lhpr:3178,Items,1,,179822,B 888 / I,,,,
06a92f6b-70ae-5009-bc99-a8002bb92aed,tg:lhpr:3178,Items,2,,196155,"Planex GP / X, 2",,"39,5 x 26,5",,
c61c3d98-b4b9-558c-bff3-d875b64b3ff3,tg:lhpr:1903,Items,1,tr:lh:395,8029,Planex KP / D 89,isad:lh:96317,Vermoedelijke artiest : F. Verheyst?,,
c61c3d98-b4b9-558c-bff3-d875b64b3ff3,tg:lhpr:1903,Items,2,tr:lh:1513,28147,Planex KP / D 89,,Vermoedelijke artiest : F. Verheyst?,,
c61c3d98-b4b9-558c-bff3-d875b64b3ff3,tg:lhpr:1903,Items,3,,104453/1,Planex KP / D 89,,Vermoedelijke artiest : F. Verheyst?,,
98e5b63d-3534-5af9-bc32-0929ef5cdf90,tg:lhpr:3292,Items,1,tr:lh:2152,40594/1-2,C 3843 / I,,"Drie exemplaren, waarvan 40594/2 bruin op witachtergrond",,
98e5b63d-3534-5af9-bc32-0929ef5cdf90,tg:lhpr:3292,Items,2,,43787/15,C 3843 / I,,"Drie exemplaren, waarvan 40594/2 bruin op witachtergrond",,
679e5cef-2337-5cd5-b804-8da5e6e7b680,tg:lhpr:2600,Items,1,,40411/3,"Planex GP / IX, 5",,,V2 E,
679e5cef-2337-5cd5-b804-8da5e6e7b680,tg:lhpr:2600,Items,2,,75227,"Planex GP / IX, 5",,,,
679e5cef-2337-5cd5-b804-8da5e6e7b680,tg:lhpr:2600,Items,3,,141989,,,,,
dc900fd9-050f-5ca0-ad05-2175a2ae8173,tg:lhpr:8165,Items,1,tr:lh:7088,177598,Planex KP / B 435,isad:lh:96359,,,
dc900fd9-050f-5ca0-ad05-2175a2ae8173,tg:lhpr:8165,Items,2,tr:lh:2212,43546/4,"Planex GT / VI,5",,,,
69887039-b047-5c94-84cc-504a3ad46549,tg:lhpr:2323,Items,1,,1085,Planex KP / M 762,,"(5) _Mijnen waerden vriende A. de Cock, ter aandenken,. Antwerpen 6 augustus
'88 / Pol de Mont_;(6) _Voor mijn geachten Vriend Prosper Verheyden, tot een
aandenken / Pol de Mont_;(7) _Aan Jef van Hoof, de hoop van Vlaanderen!! Van
harte / Pol de Mont_;(8) _Aan den geachten Vriend J. Mönlen(?) / Pol de
Mont_;(9) _Aan De Heer Clauwaert, de tweede skjald uit Prinses Sonneschijn
Vriendelijk aandenken : van Pol de Mont_",,
69887039-b047-5c94-84cc-504a3ad46549,tg:lhpr:2323,Items,2,tr:lh:958,18074/4,Planex KP / M 762,,"(5) _Mijnen waerden vriende A. de Cock, ter aandenken,. Antwerpen 6 augustus
'88 / Pol de Mont_;(6) _Voor mijn geachten Vriend Prosper Verheyden, tot een
aandenken / Pol de Mont_;(7) _Aan Jef van Hoof, de hoop van Vlaanderen!! Van
harte / Pol de Mont_;(8) _Aan den geachten Vriend J. Mönlen(?) / Pol de
Mont_;(9) _Aan De Heer Clauwaert, de tweede skjald uit Prinses Sonneschijn
Vriendelijk aandenken : van Pol de Mont_",,
69887039-b047-5c94-84cc-504a3ad46549,tg:lhpr:2323,Items,3,tr:lh:1469,26484,Planex KP / M 762,isad:lh:96354,"(5) _Mijnen waerden vriende A. de Cock, ter aandenken,. Antwerpen 6 augustus
'88 / Pol de Mont_;(6) _Voor mijn geachten Vriend Prosper Verheyden, tot een
aandenken / Pol de Mont_;(7) _Aan Jef van Hoof, de hoop van Vlaanderen!! Van
harte / Pol de Mont_;(8) _Aan den geachten Vriend J. Mönlen(?) / Pol de
Mont_;(9) _Aan De Heer Clauwaert, de tweede skjald uit Prinses Sonneschijn
Vriendelijk aandenken : van Pol de Mont_",,
69887039-b047-5c94-84cc-504a3ad46549,tg:lhpr:2323,Items,4,tr:lh:9815,64503/5,Planex KP / M 762,,"(5) _Mijnen waerden vriende A. de Cock, ter aandenken,. Antwerpen 6 augustus
'88 / Pol de Mont_;(6) _Voor mijn geachten Vriend Prosper Verheyden, tot een
aandenken / Pol de Mont_;(7) _Aan Jef van Hoof, de hoop van Vlaanderen!! Van
harte / Pol de Mont_;(8) _Aan den geachten Vriend J. Mönlen(?) / Pol de
Mont_;(9) _Aan De Heer Clauwaert, de tweede skjald uit Prinses Sonneschijn
Vriendelijk aandenken : van Pol de Mont_",,
69887039-b047-5c94-84cc-504a3ad46549,tg:lhpr:2323,Items,5,tr:lh:4861,97008,Planex KP / M 762,,"(5) _Mijnen waerden vriende A. de Cock, ter aandenken,. Antwerpen 6 augustus
'88 / Pol de Mont_;(6) _Voor mijn geachten Vriend Prosper Verheyden, tot een
aandenken / Pol de Mont_;(7) _Aan Jef van Hoof, de hoop van Vlaanderen!! Van
harte / Pol de Mont_;(8) _Aan den geachten Vriend J. Mönlen(?) / Pol de
Mont_;(9) _Aan De Heer Clauwaert, de tweede skjald uit Prinses Sonneschijn
Vriendelijk aandenken : van Pol de Mont_",,
69887039-b047-5c94-84cc-504a3ad46549,tg:lhpr:2323,Items,6,tr:lh:5205,102874,Planex KP / M 762,,"(5) _Mijnen waerden vriende A. de Cock, ter aandenken,. Antwerpen 6 augustus
'88 / Pol de Mont_;(6) _Voor mijn geachten Vriend Prosper Verheyden, tot een
aandenken / Pol de Mont_;(7) _Aan Jef van Hoof, de hoop van Vlaanderen!! Van
harte / Pol de Mont_;(8) _Aan den geachten Vriend J. Mönlen(?) / Pol de
Mont_;(9) _Aan De Heer Clauwaert, de tweede skjald uit Prinses Sonneschijn
Vriendelijk aandenken : van Pol de Mont_",,
69887039-b047-5c94-84cc-504a3ad46549,tg:lhpr:2323,Items,7,,103151,Planex KP / M 762,,"(5) _Mijnen waerden vriende A. de Cock, ter aandenken,. Antwerpen 6 augustus
'88 / Pol de Mont_;(6) _Voor mijn geachten Vriend Prosper Verheyden, tot een
aandenken / Pol de Mont_;(7) _Aan Jef van Hoof, de hoop van Vlaanderen!! Van
harte / Pol de Mont_;(8) _Aan den geachten Vriend J. Mönlen(?) / Pol de
Mont_;(9) _Aan De Heer Clauwaert, de tweede skjald uit Prinses Sonneschijn
Vriendelijk aandenken : van Pol de Mont_",,
69887039-b047-5c94-84cc-504a3ad46549,tg:lhpr:2323,Items,8,tr:lh:5485,107981,Planex KP / M 762,isad:lh:96358,"(5) _Mijnen waerden vriende A. de Cock, ter aandenken,. Antwerpen 6 augustus
'88 / Pol de Mont_;(6) _Voor mijn geachten Vriend Prosper Verheyden, tot een
aandenken / Pol de Mont_;(7) _Aan Jef van Hoof, de hoop van Vlaanderen!! Van
harte / Pol de Mont_;(8) _Aan den geachten Vriend J. Mönlen(?) / Pol de
Mont_;(9) _Aan De Heer Clauwaert, de tweede skjald uit Prinses Sonneschijn
Vriendelijk aandenken : van Pol de Mont_",,
69887039-b047-5c94-84cc-504a3ad46549,tg:lhpr:2323,Items,9,tr:lh:6160,142184,Planex KP / M 762,isad:lh:96359,"(5) _Mijnen waerden vriende A. de Cock, ter aandenken,. Antwerpen 6 augustus
'88 / Pol de Mont_;(6) _Voor mijn geachten Vriend Prosper Verheyden, tot een
aandenken / Pol de Mont_;(7) _Aan Jef van Hoof, de hoop van Vlaanderen!! Van
harte / Pol de Mont_;(8) _Aan den geachten Vriend J. Mönlen(?) / Pol de
Mont_;(9) _Aan De Heer Clauwaert, de tweede skjald uit Prinses Sonneschijn
Vriendelijk aandenken : van Pol de Mont_",,
163660dc-2c72-51d6-8601-762af081e1c0,tg:lhpr:10318,Items,1,tr:lh:2432,,D 1175 / I (Doos 12),isad:lh:127004,8/25,,
163660dc-2c72-51d6-8601-762af081e1c0,tg:lhpr:10318,Items,2,tr:lh:2432,,D 1175 / I (Doos 12),isad:lh:127004,9/25,,
b47f4024-b4bb-5c21-9a25-2002f3dcdd20,tg:lhpr:1558,Items,1,,105725/7,Planex KP / B 7307,,Twee identieke etsen,,
b47f4024-b4bb-5c21-9a25-2002f3dcdd20,tg:lhpr:1558,Items,2,tr:lh:5828,122413,Planex KP / B 7307,,Twee identieke etsen,,
13e2e06e-b95a-53df-aae2-38cd1dca678c,tg:lhpr:3565,Items,1,tr:lh:2194,41464/5,G 605 / I,isad:lh:96499,,,
13e2e06e-b95a-53df-aae2-38cd1dca678c,tg:lhpr:3565,Items,2,tr:lh:6603,163487/8,Planex GT / G 395,isad:lh:96499,,,
9542356b-2c3c-50cd-a2f4-cd031abf3674,tg:lhpr:10267,Items,1,tr:lh:2432,,D 1175 / I (Doos 3),isad:lh:127006,Genummerd rechtsboven: 4,,
9542356b-2c3c-50cd-a2f4-cd031abf3674,tg:lhpr:10267,Items,2,tr:lh:2432,47442/175,D 1175 / I (Doos 3),isad:lh:127006,Genummerd rechtsboven: 3,,
9542356b-2c3c-50cd-a2f4-cd031abf3674,tg:lhpr:10267,Items,3,tr:lh:2432,47442/166,D 1175 / I (Doos 3),isad:lh:127006,Genummerd rechtsboven: 2,,
be07c720-c02b-50c0-b0c9-15d381365f96,tg:lhpr:2476,Items,1,tr:lh:1406,24074,"Planex GP / IX, 2",,De kleuren tussen de twee prenten verschillen onderling.,,
be07c720-c02b-50c0-b0c9-15d381365f96,tg:lhpr:2476,Items,2,tr:lh:9919,147269/27,"Planex GP / IX, 2",isad:lh:96411,De kleuren tussen de twee prenten verschillen onderling.,,
61d1a5a3-ba2a-50c9-9546-fb0d91697de2,tg:lhpr:1718,Items,1,tr:lh:9976,20644/8,Planex KP / C 34,,(2) Uit Conscience's werken roy. :Uitg. A.W. ...(?)_,,
61d1a5a3-ba2a-50c9-9546-fb0d91697de2,tg:lhpr:1718,Items,2,tr:lh:6356,146171,Planex KP / C 34,isad:lh:96263,(2) Uit Conscience's werken roy. :Uitg. A.W. ...(?)_,,
0f07f0d6-c42c-5831-a9a2-e98ce8cf8fe4,tg:lhpr:8169,Items,1,tr:lh:2637,51975/4,Planex GP / C 3773,isad:lh:96411,,,
0f07f0d6-c42c-5831-a9a2-e98ce8cf8fe4,tg:lhpr:8169,Items,2,,219727,Planex GP / C 3773,isad:lh:96411,Afkomstig uit het Kabinet Eekhoud in de Stadsbibliotheek,,
04a44421-c371-5bff-ab03-fdfa6ca172f4,tg:lhpr:1467,Items,1,tr:lh:2212,43532/1,"Planex GP / IX, 2",,(3) Deze prent is gekleefd op karton,,
04a44421-c371-5bff-ab03-fdfa6ca172f4,tg:lhpr:1467,Items,2,tr:lh:2400,45794/1,,,(3) Deze prent is gekleefd op karton,,
04a44421-c371-5bff-ab03-fdfa6ca172f4,tg:lhpr:1467,Items,3,tr:lh:4795,104523,Planex KP / B 365,isad:lh:96261,(3) Deze prent is gekleefd op karton,,
e85c88d3-ba74-5510-a01f-673b1357d61e,tg:lhpr:2877,Items,1,,161463,S 6225/I Planex GP,,De (machinaal) vervaardigde prent zit in een map met levensbeschrijving en informatie over het oeuvre.,,
e85c88d3-ba74-5510-a01f-673b1357d61e,tg:lhpr:2877,Items,2,,221393,S 6225/I Planex GP,,De (machinaal) vervaardigde prent zit in een map met levensbeschrijving en informatie over het oeuvre.,,
3060c713-a580-51ea-8c5a-1ad0060b9c61,tg:lhpr:9554,Items,1,tr:lh:2212,43532,"Planex GP / X, 3",,,,
3060c713-a580-51ea-8c5a-1ad0060b9c61,tg:lhpr:9554,Items,2,,geen inschrijvingsnummer,"Planex GT / VI,7",,,,
05862d52-d08d-52ad-8ac0-b892704b4b8b,tg:lhpr:2230,Items,1,tr:lh:1647,31070,Planex KP / L 1384,isad:lh:96321,,,
05862d52-d08d-52ad-8ac0-b892704b4b8b,tg:lhpr:2230,Items,2,tr:lh:5800,121338,Planex KP / L 1384,isad:lh:96321,,,
4b18b7a3-d900-5f2a-a219-e405b05134c2,tg:lhpr:5582,Items,1,tr:lh:5,138,Planex KP / S 4414,,,,
4b18b7a3-d900-5f2a-a219-e405b05134c2,tg:lhpr:5582,Items,2,tr:lh:632,12516,Planex KP / S 4414,,,,
d6005192-690c-5ec6-bb5b-ddc8d812c19c,tg:lhpr:2178,Items,1,tr:lh:289,5501,Planex KP / H 635,isad:lh:96289,(4) In bezit van AMVC : 07-01-1935,,
d6005192-690c-5ec6-bb5b-ddc8d812c19c,tg:lhpr:2178,Items,2,,27381/152,Planex KP / H 635,,(4) In bezit van AMVC : 07-01-1935,,
d6005192-690c-5ec6-bb5b-ddc8d812c19c,tg:lhpr:2178,Items,3,tr:lh:2640,52033,Planex KP / H 635,,(4) In bezit van AMVC : 07-01-1935,,
d6005192-690c-5ec6-bb5b-ddc8d812c19c,tg:lhpr:2178,Items,4,,87523/2,Planex KP / H 635,,(4) In bezit van AMVC : 07-01-1935,,
0b113d41-871e-5060-8943-303201dd20b9,tg:lhpr:9299,Items,1,,17561,Planex GP / C 34,,"De afbeelding is geïnspireerd op een foto van G. Hermans, Antwerpen en verschenen als bijlage bij De Kleine Gazet, 8 ste jg., 1886-87, nr 5, 10 oktober 1886.",,
0b113d41-871e-5060-8943-303201dd20b9,tg:lhpr:9299,Items,2,tr:lh:2868,57321,Planex GP / C 34,isad:lh:96302,"De afbeelding is geïnspireerd op een foto van G. Hermans, Antwerpen en verschenen als bijlage bij De Kleine Gazet, 8 ste jg., 1886-87, nr 5, 10 oktober 1886.",,
0b113d41-871e-5060-8943-303201dd20b9,tg:lhpr:9299,Items,3,tr:lh:5693,115201/12,Planex GP / C 34,isad:lh:96682,"De afbeelding is geïnspireerd op een foto van G. Hermans, Antwerpen en verschenen als bijlage bij De Kleine Gazet, 8 ste jg., 1886-87, nr 5, 10 oktober 1886.",,
0b113d41-871e-5060-8943-303201dd20b9,tg:lhpr:9299,Items,4,tr:lh:5774,118749,Planex GP / C 34,isad:lh:96684,"De afbeelding is geïnspireerd op een foto van G. Hermans, Antwerpen en verschenen als bijlage bij De Kleine Gazet, 8 ste jg., 1886-87, nr 5, 10 oktober 1886.",,
0b113d41-871e-5060-8943-303201dd20b9,tg:lhpr:9299,Items,5,tr:lh:6356,146170,Planex GP / C 34,isad:lh:96263,"De afbeelding is geïnspireerd op een foto van G. Hermans, Antwerpen en verschenen als bijlage bij De Kleine Gazet, 8 ste jg., 1886-87, nr 5, 10 oktober 1886.",,
2dbb4bec-a6b9-53ae-a775-e59cdc961d76,tg:lhpr:3179,Items,1,,179512,B 888 / I,,,,
2dbb4bec-a6b9-53ae-a775-e59cdc961d76,tg:lhpr:3179,Items,2,,219363,B 888 / I,,,,
ebbbe1a8-11ad-570d-94a0-db2ef1591fbe,tg:lhpr:10303,Items,1,tr:lh:2432,47441/36,D 1175 / I (Doos 3),isad:lh:127006,,,
ebbbe1a8-11ad-570d-94a0-db2ef1591fbe,tg:lhpr:10303,Items,2,tr:lh:2432,47442/167,D 1175 / I (Doos 3),isad:lh:127006,Roefdruk,,
02f0f343-3a2f-5719-89a4-9a046c90abd7,tg:lhpr:2050,Items,1,,27381/485,Planex KP / G 3625,,,,
02f0f343-3a2f-5719-89a4-9a046c90abd7,tg:lhpr:2050,Items,2,tr:lh:1762,32442,Planex KP / G 3625,,,,
02f0f343-3a2f-5719-89a4-9a046c90abd7,tg:lhpr:2050,Items,3,,100587,Planex KP / G 3625,,,,
02f0f343-3a2f-5719-89a4-9a046c90abd7,tg:lhpr:2050,Items,4,tr:lh:5683,114938,Planex KP / G 3625,isad:lh:96256,,,
496de063-7bbd-5f70-aec8-42a6db1e8462,tg:lhpr:10315,Items,1,tr:lh:2432,47441/37,D 1175 / I (Doos 3),isad:lh:127006,,,
496de063-7bbd-5f70-aec8-42a6db1e8462,tg:lhpr:10315,Items,2,tr:lh:2432,47442/169,,,,,
3ee49449-19b7-5cb5-bed9-1213147cf945,tg:lhpr:188,Items,1,tr:lh:5514,108578,Planex KP / B 1333,isad:lh:96252,"(1) Gepubliceerd in _De Bibliotheekgids_, jg. 5 nr. 5, 15 mei 1926",,
3ee49449-19b7-5cb5-bed9-1213147cf945,tg:lhpr:188,Items,2,,111770,Planex KP / B 1333,isad:lh:96252,"(1) Gepubliceerd in _De Bibliotheekgids_, jg. 5 nr. 5, 15 mei 1926",,
6962a48a-7030-5bd5-b45e-97390f8cd390,tg:lhpr:6802,Items,1,tr:lh:604,11656/A,I 353/I Planex GT 353,,"**Publikatie:** Immerseel, van, Frans, _Vlaamse Koppen 1° reeks. Linos door
Frans van Immerseel_. S.l.: Joe English Gilde, 1930 (2de uitgave).",,
6962a48a-7030-5bd5-b45e-97390f8cd390,tg:lhpr:6802,Items,2,tr:lh:692,14401/A,I 353/I Planex GT 353,,"**Publikatie:** Immerseel, van, Frans, _Vlaamse Koppen 1° reeks. Linos door
Frans van Immerseel_. S.l.: Joe English Gilde, 1930 (2de uitgave).",,
6962a48a-7030-5bd5-b45e-97390f8cd390,tg:lhpr:6802,Items,3,,86995/A,I 353/I Planex GT 353,,"**Publikatie:** Immerseel, van, Frans, _Vlaamse Koppen 1° reeks. Linos door
Frans van Immerseel_. S.l.: Joe English Gilde, 1930 (2de uitgave).",,
6962a48a-7030-5bd5-b45e-97390f8cd390,tg:lhpr:6802,Items,4,tr:lh:139964,,,isad:lh:144190,,,S 935 / 471
d5fd3bb5-e152-5670-8f97-47a218cf6868,tg:lhpr:2325,Items,1,tr:lh:241,4808,Planex KP / M 762,isad:lh:96363,"(4) _Aan Mevrouw A. de Weert, de begaafde Kunstschilderes, met mijn beste
hulde._;(5) _""""Houdt u recht en ziet niet omme!"""" / """"Rust roest!"""" / Aan de
wakkere jongens van """"De Vlaamse Wacht"""" volgaarne, op hun vereerend verlangen,
voor hun nationaal """"pantheon"""" geschonken / 27 Februari '94-den tweede dag na
de hulde : aan Vader de Beucker._",,
d5fd3bb5-e152-5670-8f97-47a218cf6868,tg:lhpr:2325,Items,2,,11888,Planex KP / M 762,,"(4) _Aan Mevrouw A. de Weert, de begaafde Kunstschilderes, met mijn beste
hulde._;(5) _""""Houdt u recht en ziet niet omme!"""" / """"Rust roest!"""" / Aan de
wakkere jongens van """"De Vlaamse Wacht"""" volgaarne, op hun vereerend verlangen,
voor hun nationaal """"pantheon"""" geschonken / 27 Februari '94-den tweede dag na
de hulde : aan Vader de Beucker._",,
d5fd3bb5-e152-5670-8f97-47a218cf6868,tg:lhpr:2325,Items,3,tr:lh:1660,29604,Planex KP / M 762,,"(4) _Aan Mevrouw A. de Weert, de begaafde Kunstschilderes, met mijn beste
hulde._;(5) _""""Houdt u recht en ziet niet omme!"""" / """"Rust roest!"""" / Aan de
wakkere jongens van """"De Vlaamse Wacht"""" volgaarne, op hun vereerend verlangen,
voor hun nationaal """"pantheon"""" geschonken / 27 Februari '94-den tweede dag na
de hulde : aan Vader de Beucker._",,
d5fd3bb5-e152-5670-8f97-47a218cf6868,tg:lhpr:2325,Items,4,tr:lh:2790,57663/1,Planex KP / M 762,,"(4) _Aan Mevrouw A. de Weert, de begaafde Kunstschilderes, met mijn beste
hulde._;(5) _""""Houdt u recht en ziet niet omme!"""" / """"Rust roest!"""" / Aan de
wakkere jongens van """"De Vlaamse Wacht"""" volgaarne, op hun vereerend verlangen,
voor hun nationaal """"pantheon"""" geschonken / 27 Februari '94-den tweede dag na
de hulde : aan Vader de Beucker._",,
d5fd3bb5-e152-5670-8f97-47a218cf6868,tg:lhpr:2325,Items,5,,72098,Planex KP / M 762,,"(4) _Aan Mevrouw A. de Weert, de begaafde Kunstschilderes, met mijn beste
hulde._;(5) _""""Houdt u recht en ziet niet omme!"""" / """"Rust roest!"""" / Aan de
wakkere jongens van """"De Vlaamse Wacht"""" volgaarne, op hun vereerend verlangen,
voor hun nationaal """"pantheon"""" geschonken / 27 Februari '94-den tweede dag na
de hulde : aan Vader de Beucker._",,
5bce338b-e1b8-552f-819a-a96639a3a036,tg:lhpr:5233,Items,1,tr:lh:7699,201679/1-7,S 932 / I (Doos 1),isad:lh:97229,,,
5bce338b-e1b8-552f-819a-a96639a3a036,tg:lhpr:5233,Items,2,tr:lh:4674,89056/37,S 932 / Planex GT,,,,
2e01f012-11cb-590f-a7b8-173c24c724dd,tg:lhpr:2734,Items,1,tr:lh:2010,38111/17,"planex GP / IX, 6",isad:lh:96437,,,
2e01f012-11cb-590f-a7b8-173c24c724dd,tg:lhpr:2734,Items,2,tr:lh:2832,56160/1,"planex GP / IX, 6",,,,
3734c70d-183f-5acb-b7d5-b0f1b62436fc,tg:lhpr:1724,Items,1,tr:lh:492,9553,,,"Achterzijde: _Gaston Janus 12, Rue des Cinq Coins Anvers-Berchem_",,
3734c70d-183f-5acb-b7d5-b0f1b62436fc,tg:lhpr:1724,Items,2,,12708,Planex KP / C 34,,"Achterzijde: _Gaston Janus 12, Rue des Cinq Coins Anvers-Berchem_",,
3734c70d-183f-5acb-b7d5-b0f1b62436fc,tg:lhpr:1724,Items,3,tr:lh:2832,56160/2,"Planex GP / IX, 3",,"Achterzijde: _Gaston Janus 12, Rue des Cinq Coins Anvers-Berchem_",,
3734c70d-183f-5acb-b7d5-b0f1b62436fc,tg:lhpr:1724,Items,4,tr:lh:5492,122172,,,"Achterzijde: _Gaston Janus 12, Rue des Cinq Coins Anvers-Berchem_",,
3734c70d-183f-5acb-b7d5-b0f1b62436fc,tg:lhpr:1724,Items,5,tr:lh:6356,146173,,,"Achterzijde: _Gaston Janus 12, Rue des Cinq Coins Anvers-Berchem_",,
3734c70d-183f-5acb-b7d5-b0f1b62436fc,tg:lhpr:1724,Items,6,tr:lh:6960,173870,,,"Achterzijde: _Gaston Janus 12, Rue des Cinq Coins Anvers-Berchem_",,
3734c70d-183f-5acb-b7d5-b0f1b62436fc,tg:lhpr:1724,Items,7,,220302,,,"Achterzijde: _Gaston Janus 12, Rue des Cinq Coins Anvers-Berchem_",,
2e8d2973-71c3-5f81-8ef3-623870cf87d3,tg:lhpr:2299,Items,1,tr:lh:503,9676,Planex KP / M 6149,,,,
2e8d2973-71c3-5f81-8ef3-623870cf87d3,tg:lhpr:2299,Items,2,tr:lh:1364,23178/2,Planex KP / M 6149,,,,
2e8d2973-71c3-5f81-8ef3-623870cf87d3,tg:lhpr:2299,Items,3,tr:lh:3629,71527,Planex KP / M 6149,,,,
7e4cb60b-2b24-5d04-be2a-0e3b3683048d,tg:lhpr:1460,Items,1,tr:lh:4768,93664,Planex KP / B 365,isad:lh:96258,,,
7e4cb60b-2b24-5d04-be2a-0e3b3683048d,tg:lhpr:1460,Items,2,tr:lh:6413,152361,Planex KP / B 365,isad:lh:96260,,,
cfad53a5-4e73-57d0-b826-732fa0d0ea8e,tg:lhpr:6805,Items,1,tr:lh:604,11656/F,Planex GT 353,,"**Publikatie:** Immerseel, van, Frans, _Vlaamse Koppen 1° reeks. Linos door
Frans van Immerseel_. S.l.: Joe English Gilde, 1930 (2de uitgave).",,
cfad53a5-4e73-57d0-b826-732fa0d0ea8e,tg:lhpr:6805,Items,2,tr:lh:692,14401/F,Planex GT 353,,"**Publikatie:** Immerseel, van, Frans, _Vlaamse Koppen 1° reeks. Linos door
Frans van Immerseel_. S.l.: Joe English Gilde, 1930 (2de uitgave).",,
cfad53a5-4e73-57d0-b826-732fa0d0ea8e,tg:lhpr:6805,Items,3,,86995/F,Planex GT 353,,"**Publikatie:** Immerseel, van, Frans, _Vlaamse Koppen 1° reeks. Linos door
Frans van Immerseel_. S.l.: Joe English Gilde, 1930 (2de uitgave).",,
2ea0edb2-c134-557f-b86f-857a2d2ba2d8,tg:lhpr:2515,Items,1,tr:lh:3755,72203/2,"Planex GP / X, 2",isad:lh:96422,,,
2ea0edb2-c134-557f-b86f-857a2d2ba2d8,tg:lhpr:2515,Items,2,tr:lh:5939,129523/1,(1)SC 54 A 1,isad:lh:96422,,,
285b7fb1-2fe6-5384-a9a7-a475498a76cf,tg:lhpr:1552,Items,1,tr:lh:692,14401/E,I 353/I Planex GT 353,isad:lh:96277,"**Publicatie** Immerseel, van, Frans, _Vlaamse Koppen 1° reeks. Linos door Frans van Immerseel_. S.l.: Joe English Gilde, 1930 (2de uitgave).",,
285b7fb1-2fe6-5384-a9a7-a475498a76cf,tg:lhpr:1552,Items,2,tr:lh:1647,29571,I 353/I Planex GT 353,isad:lh:96277,"**Publikatie:** Immerseel, van, Frans, _Vlaamse Koppen 1° reeks. Linos door
Frans van Immerseel_. S.l.: Joe English Gilde, 1930 (2de uitgave).",,
285b7fb1-2fe6-5384-a9a7-a475498a76cf,tg:lhpr:1552,Items,3,,86995/E,I 353/I Planex GT 353,isad:lh:96277,"**Publikatie:** Immerseel, van, Frans, _Vlaamse Koppen 1° reeks. Linos door
Frans van Immerseel_. S.l.: Joe English Gilde, 1930 (2de uitgave).",,
285b7fb1-2fe6-5384-a9a7-a475498a76cf,tg:lhpr:1552,Items,4,tr:lh:139964,,,isad:lh:144190,,,S 935 / 471
ddb7a230-c7b2-50af-8856-f5108772f509,tg:lhpr:10345,Items,1,tr:lh:2432,174053,D 1175 / I (Doos 10),isad:lh:127279,,,
ddb7a230-c7b2-50af-8856-f5108772f509,tg:lhpr:10345,Items,2,tr:lh:2432,,,,,,
801a26b8-ec2b-52c9-84e1-4432f988604f,tg:lhpr:1728,Items,1,,102754/1,Planex KP / T 3465,isad:lh:96298,"**Publicatie** Timmermans, Felix - Pellens, Edward [ill.], _Boerenpsalm_. Antwerpen: De Papegaai, 1944, p. 13.",,
801a26b8-ec2b-52c9-84e1-4432f988604f,tg:lhpr:1728,Items,2,tr:lh:9854,218661,P 249 / I,isad:lh:96298,"**Publikatie:** Timmermans, Felix - Pellens, Edward [ill.], _Boerenpsalm_.
Antwerpen: De Papegaai, 1944, p. 13.",,
184d321c-5d21-5f51-a69e-9e002064bb9d,tg:lhpr:5696,Items,1,tr:lh:1859,35610,M 546 / I (Doos II),isad:lh:96595,"**Publicatie** _De Ploeg_. 4de jaargang, nr. 39, 30-09-1922, p. 1.",,
184d321c-5d21-5f51-a69e-9e002064bb9d,tg:lhpr:5696,Items,2,tr:lh:2130,40290/1,M 546 / I (Doos II),isad:lh:96595,"**Publicatie:** _De Ploeg_. 4de jaargang, nr. 39, 30-09-1922, p. 1.",,
978e6e31-6e47-5079-96ad-f06bd9279074,tg:lhpr:2446,Items,1,tr:lh:3579,69762,"Planex GP / IX, 1",,(1) Proefdruk.,,
978e6e31-6e47-5079-96ad-f06bd9279074,tg:lhpr:2446,Items,2,,75279,"Planex GP / IX, 1",,(1) Proefdruk.,,
2ab5955c-4788-5021-aeeb-8dc0596c5028,tg:lhpr:2597,Items,1,tr:lh:1193,20473,"Planex GP / IX, 5",,Kunstenaar is Michel Estercam.,,
2ab5955c-4788-5021-aeeb-8dc0596c5028,tg:lhpr:2597,Items,2,tr:lh:9596,,"Planex GP / IX, 5",isad:lh:176501,"Met opdracht van Willem Gijssels aan Theo Huet, dd. 11 juli 1939",,
b52d2424-fcc1-5316-b890-6cb597b258b8,tg:lhpr:4290,Items,1,,36408/2,R 1627 / I,isad:lh:96535,"**Publicatie** Roelants, Maurice - Ramah [ill.], _De jazz-speler: kleine roman met één personage en zeven instrumenten zijnde een volledige slagwerk batterij_. Brussel: A.A.M. Stols, 1928, 64 p. T.o. p. 60. Proefdruk, deel van de suite bij één van de 6 of 35 genummerde exemplaren op Hollands papier.",,
b52d2424-fcc1-5316-b890-6cb597b258b8,tg:lhpr:4290,Items,2,tr:lh:4053,77778/2,R 1627 / I,isad:lh:96535,"**Publikatie:** Roelants, Maurice - Ramah [ill.], _De jazz-speler: kleine
roman met één personage en zeven instrumenten zijnde een volledige slagwerk
batterij_. Brussel: A.A.M. Stols, 1928, 64 p. T.o. p. 60.

Proefdruk, deel van de suite bij één van de 6 of 35 genummerde exemplaren op
Hollands papier.",,
847f41d1-af26-515f-acf7-320c95604180,tg:lhpr:2190,Items,1,,27381/49,Planex KP / H 847,,Artiest : Jan Wiericx,,
847f41d1-af26-515f-acf7-320c95604180,tg:lhpr:2190,Items,2,,52629,Planex KP / H 847,,Artiest : Jan Wiericx,,
7497c141-af95-5946-9c8e-fc067bb55eb0,tg:lhpr:1495,Items,1,,27381/797,Planex KP / B 435,,,,
7497c141-af95-5946-9c8e-fc067bb55eb0,tg:lhpr:1495,Items,2,,52915,"Planex GP / IX, 2",,,,
7497c141-af95-5946-9c8e-fc067bb55eb0,tg:lhpr:1495,Items,3,tr:lh:2212,43545/3,"Planex GT / VI,5",,,,
4e3fdcb5-0099-52ab-879a-571ce9749144,tg:lhpr:2493,Items,1,tr:lh:332,7001,"Planex GP / IX, 3",,,,
4e3fdcb5-0099-52ab-879a-571ce9749144,tg:lhpr:2493,Items,2,tr:lh:5009,99300,"Planex GP / IX, 3",isad:lh:96416,,,
caa4ce3f-639a-5aab-8f69-697e9f89c13b,tg:lhpr:2610,Items,1,tr:lh:1442,25241,"Planex GP / IX, 5",,"Materiële toestand van 115779: goed

Magazijnplaats: H 965/I / Planex KP",,
caa4ce3f-639a-5aab-8f69-697e9f89c13b,tg:lhpr:2610,Items,2,tr:lh:5712,115779,"Planex GP / IX, 5",isad:lh:96433,"Materiële toestand van 115779: goed

Magazijnplaats: H 965/I / Planex KP",,
ee359dfe-6794-5eeb-bd6b-2812aef5c916,tg:lhpr:2240,Items,1,tr:lh:355,7238,Planex KP / S 7255,,,,
ee359dfe-6794-5eeb-bd6b-2812aef5c916,tg:lhpr:2240,Items,2,,27381/263,Planex KP / S 7255,,,,
ee359dfe-6794-5eeb-bd6b-2812aef5c916,tg:lhpr:2240,Items,3,tr:lh:1647,29584,Planex KP / S 7255,,,,
ee359dfe-6794-5eeb-bd6b-2812aef5c916,tg:lhpr:2240,Items,4,,37282,Planex KP / S 7255,,,,
c5cf7841-1659-5c53-b7a1-b21bff722ada,tg:lhpr:2217,Items,1,tr:lh:536,10281/2,Planex KP / S 654,,,,
c5cf7841-1659-5c53-b7a1-b21bff722ada,tg:lhpr:2217,Items,2,tr:lh:1492,27493/224,Planex KP / S 654,,,,
c5cf7841-1659-5c53-b7a1-b21bff722ada,tg:lhpr:2217,Items,3,,123342,Planex KP / S 654,,,,
c5cf7841-1659-5c53-b7a1-b21bff722ada,tg:lhpr:2217,Items,4,tr:lh:6439,157761,Planex KP / S 654,isad:lh:96272,,,
ff1d5870-b01d-5f2f-bc4d-8cfbcc26571a,tg:lhpr:2216,Items,1,tr:lh:572,11198/2,Planex KP / S 654,isad:lh:96272,,,
ff1d5870-b01d-5f2f-bc4d-8cfbcc26571a,tg:lhpr:2216,Items,2,tr:lh:1492,27571/30,Planex KP / S 654,,,,
ff1d5870-b01d-5f2f-bc4d-8cfbcc26571a,tg:lhpr:2216,Items,3,tr:lh:2212,43550/1,Planex KP / S 654,,,,
ff1d5870-b01d-5f2f-bc4d-8cfbcc26571a,tg:lhpr:2216,Items,4,tr:lh:2212,43556/5,Planex KP / S 654,,,,
ff1d5870-b01d-5f2f-bc4d-8cfbcc26571a,tg:lhpr:2216,Items,5,tr:lh:3340,66453,Planex KP / S 654,,,,
ff1d5870-b01d-5f2f-bc4d-8cfbcc26571a,tg:lhpr:2216,Items,6,tr:lh:6439,157760,Planex KP / S 654,isad:lh:96272,,,
52198427-b5aa-59d0-9867-d97bccfe23a6,tg:lhpr:2492,Items,1,tr:lh:2212,43535/5,SC 53 E 2,,,,
52198427-b5aa-59d0-9867-d97bccfe23a6,tg:lhpr:2492,Items,2,,221096,Planex GP / F 443,,,,
51f4ac50-50c5-5992-90b8-d95c826afc38,tg:lhpr:2484,Items,1,,9461,SC 53 D 2,,,,
51f4ac50-50c5-5992-90b8-d95c826afc38,tg:lhpr:2484,Items,2,,52284,Planex GP / C 3381,,,,
0f57c6e5-137e-5400-bece-5becdebf5996,tg:lhpr:2650,Items,1,tr:lh:503,9676,"Planex GP / IX, 7",,,,
0f57c6e5-137e-5400-bece-5becdebf5996,tg:lhpr:2650,Items,2,,233170,"Planex GP / IX, 7",,,,
6c691d5e-5663-5421-b6e5-e704218f0b76,tg:lhpr:10344,Items,1,tr:lh:2432,47442/186,D 1175 / I (Doos 10),isad:lh:127279,,,
6c691d5e-5663-5421-b6e5-e704218f0b76,tg:lhpr:10344,Items,2,tr:lh:2432,47442/251-251-253,,,,,
fcbd3d32-bdb4-5b8a-bf5d-0418d124bd19,tg:lhpr:6804,Items,1,tr:lh:604,11656/c,Planex GT 353,,"**Publikatie:** Immerseel, van, Frans, _Vlaamse Koppen 1° reeks. Linos door
Frans van Immerseel_. S.l.: Joe English Gilde, 1930 (2de uitgave).",,
fcbd3d32-bdb4-5b8a-bf5d-0418d124bd19,tg:lhpr:6804,Items,2,tr:lh:692,14401/c1-2,Planex GT 353,,"**Publikatie:** Immerseel, van, Frans, _Vlaamse Koppen 1° reeks. Linos door
Frans van Immerseel_. S.l.: Joe English Gilde, 1930 (2de uitgave).",,
fcbd3d32-bdb4-5b8a-bf5d-0418d124bd19,tg:lhpr:6804,Items,3,,86995/c,Planex GT 353,,"**Publikatie:** Immerseel, van, Frans, _Vlaamse Koppen 1° reeks. Linos door
Frans van Immerseel_. S.l.: Joe English Gilde, 1930 (2de uitgave).",,
1aff9437-bffe-5420-804e-9b75a2dc844a,tg:lhpr:2514,Items,1,tr:lh:294,7456,"Planex GP / IX, 3",,,,
1aff9437-bffe-5420-804e-9b75a2dc844a,tg:lhpr:2514,Items,2,tr:lh:1194,20475,"Planex GP / IX, 3",,,,
1aff9437-bffe-5420-804e-9b75a2dc844a,tg:lhpr:2514,Items,3,tr:lh:1362,23031/4,"Planex GP / IX, 3",isad:lh:96420,,,
1aff9437-bffe-5420-804e-9b75a2dc844a,tg:lhpr:2514,Items,4,tr:lh:2021,37758/2,"Planex GP / IX, 3",,,,
831f9085-7938-5761-9f7d-4b6dbe0d4a09,tg:lhpr:3325,Items,1,,129032,C 3843 / I,isad:lh:96371,,,
831f9085-7938-5761-9f7d-4b6dbe0d4a09,tg:lhpr:3325,Items,2,tr:lh:6278,147910/2,C 3843 / I,isad:lh:96476,,,
4a8b1cbe-bb75-54cf-bb5c-2b4752b8f93d,tg:lhpr:1748,Items,1,tr:lh:1648,29552,Planex KP / C 34,,"Drukvel beschadigd (l. -en r.b.)  
r.b.: _Veiling cogels grav. gesch. D.G. N°1543_
",,
4a8b1cbe-bb75-54cf-bb5c-2b4752b8f93d,tg:lhpr:1748,Items,2,tr:lh:2544,49957,Planex KP / C 34,,,,
4a8b1cbe-bb75-54cf-bb5c-2b4752b8f93d,tg:lhpr:1748,Items,3,tr:lh:6356,146172,Planex KP / C 34,isad:lh:96263,,,
4a8b1cbe-bb75-54cf-bb5c-2b4752b8f93d,tg:lhpr:1748,Items,4,,31975,,,Gekleefd op karton 40 x 34,,
425f96e8-b61d-5132-b6c9-d6138af4dbf4,tg:lhpr:10763,Items,1,tr:lh:1750,,"D 89 / I ( Planex GT/VI,3 )",isad:lh:126323,,,
425f96e8-b61d-5132-b6c9-d6138af4dbf4,tg:lhpr:10763,Items,2,tr:lh:5492,122173,Planex GP / C 34,,,,
4f9d77b5-faa5-5f78-9398-ffeb051b25bc,tg:lhpr:2758,Items,1,,28413,"Planex GP / X, 1",,,,
4f9d77b5-faa5-5f78-9398-ffeb051b25bc,tg:lhpr:2758,Items,2,tr:lh:2212,43537/2,"Planex GP / X, 1",,,,
4f9d77b5-faa5-5f78-9398-ffeb051b25bc,tg:lhpr:2758,Items,3,tr:lh:2413,47435/40,"Planex GP / X, 1",isad:lh:96352,,,
e2cc5d58-f65d-5203-9aa3-be1b238166bc,tg:lhpr:2298,Items,1,,106698,"Planex GP / IX, 8",,,,
e2cc5d58-f65d-5203-9aa3-be1b238166bc,tg:lhpr:2298,Items,2,tr:lh:5492,120297,"Planex GP / IX, 8",,,,
32651519-1ea0-5f15-9d98-111e1c2b00bb,tg:lhpr:6776,Items,1,,34689/2,D 4813 / H,isad:lh:167365,"D 4813 / 116  Dille, Frans; Jordens, J.G. (voorwoord), _De Boodschap. Een verhaal in twaalf
schuifkens bedacht en uitgesneden door Frans Dille_. Antwerpen: Resseler,
1931, p 7. Genummerd exemplaar, 29/35.

Nummer 132776 komt uit nr. 34/35.",,
32651519-1ea0-5f15-9d98-111e1c2b00bb,tg:lhpr:6776,Items,2,tr:lh:6008,132776,D 4813 / H,isad:lh:167365,"Dille, Frans; Jordens, J.G. (voorwoord), _De Boodschap. Een verhaal in twaalf
schuifkens bedacht en uitgesneden door Frans Dille_. Antwerpen: Resseler,
1931, p 7. Genummerd exemplaar, 29/35.

Nummer 132776 komt uit nr. 34/35.",,
